   3.787754790178799E-004
           1
           8
           7
        1.000000000000000
  -2.144169041482690E-001
   2.338177867034804E-004
   0.000000000000000E+000
   0.000000000000000E+000
   0.000000000000000E+000
   0.000000000000000E+000
   0.000000000000000E+000
       -1.000000000000000
   0.000000000000000E+000
   0.000000000000000E+000
   0.000000000000000E+000
   0.000000000000000E+000
   0.000000000000000E+000
   0.000000000000000E+000
   0.000000000000000E+000
   4.881103019194885E-002
        1.000000000000000
   2.144169041482690E-001
   0.000000000000000E+000
   0.000000000000000E+000
   0.000000000000000E+000
   0.000000000000000E+000
  -6.217763283450668E-001
   0.000000000000000E+000
   0.000000000000000E+000
   2.144169041482690E-001
   0.000000000000000E+000
   0.000000000000000E+000
   0.000000000000000E+000
   0.000000000000000E+000
   0.000000000000000E+000
        1.000000000000000
   0.000000000000000E+000
   0.000000000000000E+000
   0.000000000000000E+000
   0.000000000000000E+000
   0.000000000000000E+000
   0.000000000000000E+000
   0.000000000000000E+000
        1.000000000000000
   0.000000000000000E+000
   0.000000000000000E+000
   0.000000000000000E+000
        1.469974953171953
   0.000000000000000E+000
   0.000000000000000E+000
   0.000000000000000E+000
   2.144169041482690E-001
   0.000000000000000E+000
   0.000000000000000E+000
   0.000000000000000E+000
   0.000000000000000E+000
   0.000000000000000E+000
   0.000000000000000E+000
        1.000000000000000
   8.455254804425034E-003
  -1.812949558949594E-003
   4.187503572336898E-001
   1.976988964384631E-006
  -4.238998532786449E-007
   1.662262648468258E-001
   0.000000000000000E+000
   0.000000000000000E+000
   4.587329061071868E-001
        9.398140221651225
   0.000000000000000E+000
   0.000000000000000E+000
   9.836008955844157E-002
        2.015120131077782
      120.256710157693405
   0.000000000000000E+000
   0.000000000000000E+000
  -1.334213187523067E-004
   0.000000000000000E+000
   0.000000000000000E+000
   5.300749188918562E-002
   0.000000000000000E+000
   0.000000000000000E+000
   2.092396568545934E-002
   0.000000000000000E+000
   0.000000000000000E+000
   0.000000000000000E+000
   3.244293201952300E-001
      118.222911111897446
   1.438128890937528E-001
        2.390276564123350
       -3.167823051938573
   3.414852413375660E-002
        6.912398840773744
   7.810303766082933E-001
  -1.050136990408574E-003
  -3.610691433837813E-001
   1.256063156302867E-001
  -7.971018200018538E-002
  -3.205087405161584E-002
  -6.603834601312317E-003
  -1.558479989099040E-003
   8.345529327314347E-003
       -1.368269836881152
   4.895521536142932E-001
   2.861973941161672E-001
   1.520643424688016E-001
   1.292936306558898E-001
       19.024703380948839
       -1.388360648433135
       -1.575320006541401
  -2.168642181862623E-001
   1.366222558019014E-002
   2.380804249968527E-002
   6.386118777321721E-001
        3.112089720285371
