   1.654693581697153E-004
           1
           8
           7
        1.000000000000000
  -1.871144779314177E-001
   1.366878664398119E-004
   0.000000000000000E+000
   0.000000000000000E+000
   0.000000000000000E+000
   0.000000000000000E+000
   0.000000000000000E+000
       -1.000000000000000
   0.000000000000000E+000
   0.000000000000000E+000
   0.000000000000000E+000
   0.000000000000000E+000
   0.000000000000000E+000
   0.000000000000000E+000
   0.000000000000000E+000
  -3.915611799658764E-002
        1.000000000000000
   1.871144779314177E-001
   0.000000000000000E+000
   0.000000000000000E+000
   0.000000000000000E+000
   0.000000000000000E+000
  -6.379795638268509E-001
   0.000000000000000E+000
   0.000000000000000E+000
   1.871144779314177E-001
   0.000000000000000E+000
   0.000000000000000E+000
   0.000000000000000E+000
   0.000000000000000E+000
   0.000000000000000E+000
        1.000000000000000
   0.000000000000000E+000
   0.000000000000000E+000
   0.000000000000000E+000
   0.000000000000000E+000
   0.000000000000000E+000
   0.000000000000000E+000
   0.000000000000000E+000
        1.000000000000000
   0.000000000000000E+000
   0.000000000000000E+000
   0.000000000000000E+000
        1.503945688021701
   0.000000000000000E+000
   0.000000000000000E+000
   0.000000000000000E+000
   1.871144779314177E-001
   0.000000000000000E+000
   0.000000000000000E+000
   0.000000000000000E+000
   0.000000000000000E+000
   0.000000000000000E+000
   0.000000000000000E+000
        1.000000000000000
   8.600152632413531E-003
  -1.609213069944566E-003
   4.130312415118118E-001
   1.175536514381337E-006
  -2.199599011777825E-007
   1.905307629979139E-001
   0.000000000000000E+000
   0.000000000000000E+000
  -2.368597086317152E-001
        6.049111115978275
   0.000000000000000E+000
   0.000000000000000E+000
  -4.431988072361112E-002
        1.131876268415411
      152.840517903084020
   0.000000000000000E+000
   0.000000000000000E+000
  -7.717981976940752E-005
   0.000000000000000E+000
   0.000000000000000E+000
   4.900633996104228E-002
   0.000000000000000E+000
   0.000000000000000E+000
   2.251838670833285E-002
   0.000000000000000E+000
   0.000000000000000E+000
   0.000000000000000E+000
   3.076613190608851E-001
      116.193348933072301
   7.259585691414695E-004
        2.422890689424921
       -3.291630473174338
   2.448985424805972E-002
        5.507432314406109
       -1.148283171445984
   3.299834699704839E-003
   2.557083848813665E-001
   1.774057353894184E-001
   6.705500582112955E-002
   2.452224374638523E-002
   2.250145117422092E-003
  -1.890605466809550E-003
   6.551846540308235E-003
       -1.013874597094871
   5.423039692062422E-001
   3.434990968330516E-002
  -1.597719065475552E-001
  -1.523144281289450E-001
       20.499513498928337
       -1.168141948200613
       -1.598389611932002
  -2.488028028122012E-001
  -2.918584947171840E-002
  -1.226981264394455E-002
   5.014797039759095E-001
        3.280932267364524
